# pT / |y| / Centrality / sl1 ~ 3 / N_Jpsi / N_Bkg
# Input file: OniaRooDataSet_isMC0_JPsi_w_Effw0_Accw0_PtW1_TnP1_20210111.root 
{6.5, 50.0, 0, 2.4, 0, 20, 0.512, 0.8, 0.39, 4000, 50000}
{6.5, 50.0, 0, 2.4, 20, 120, 0.512, 0.8, 0.39, 5000, 550000}
{6.5, 50.0, 0, 2.4, 20, 180, 0.512, 0.695, 0.32, 10000, 100000}

{6.5, 50.0, 1.6, 2.4, 20, 180, 0.2, 0.2, 0.2, 5000, 100000}
{3.0, 50.0, 1.6, 2.4, 20, 180, 0.512, 0.695, 0.32, 10000, 1000000}
{4.5, 50.0, 1.6, 2.4, 20, 180, 0.512, 0.695, 0.32, 5000, 1000000}

{3.0, 50.0, 1.6, 2.4, 0, 20 ,-0.3, -0.1, -0.1, 2000, 100000}
{3.0, 50.0, 1.6, 2.4, 20, 120,0.512, 0.695, 0.32, 2000, 1000000}
{3.0, 50.0, 1.6, 2.4, 20, 180, 0.512, 0.695, 0.32, 5000, 200000}

{3.0, 6.5, 1.6, 2.4, 0, 20, -0.3, -0.1, -0.1, 1000, 85000}
{3.0, 6.5, 1.6, 2.4, 20, 120, 0.512, 0.695, 0.32, 5000, 200000}

